960 723.335
15
960 1280
28
46
0
0 -2360
5 1 3
-5.37887 0
-558.689 0
-1112 0
0
0 -2290
6 -1 2
-1361.22 0
8671.72 0
1
1
3
0 225.309 0
0 -383.7 0
0 -992.706 0
0 -2220
2
0 -2150
0 1
2 2
6 1
10 1
14 1
1
-1
3
0 -60.5017 0
0 475.528 0
0 1011.56 0
0 -2080
2
0 -2010
4 1
12 2
15 2
18 2
19 2
1
-1
3
0 -367.391 0
0 304.532 0
0 976.457 0
0 -1940
1
1
3
0 202.579 0
0 -396.364 0
0 -995.305 0
0 -1870
0
0 -1800
2 -1 4
-349.778 0
104.371 0
558.52 0
1012.67 0
1
-1
3
0 -26.4056 0
0 494.523 0
0 1015.46 0
0 -1730
0
0 -1660
4 -1 3
5.37887 0
558.689 0
1112 0
2
0 -1590
0 1
2 2
4 2
10 2
18 1
0
0 -1520
7 1 2
1359.22 0
-8673.72 0
1
-1
3
0 -441.272 0
0 263.366 0
0 968.006 0
0 -1450
0
0 -1380
0 -1 3
-644.932 0
-39.9568 0
565.019 0
2
0 -1310
1 1
5 1
7 1
16 2
19 1
2
0 -1240
0 1
7 2
8 1
12 1
19 1
1
-1
3
0 -435.588 0
0 266.533 0
0 968.658 0
0 -1170
2
0 -1100
0 2
5 1
10 2
12 1
19 2
2
0 -1030
1 1
5 2
8 1
11 2
18 2
0
0 -960
3 1 4
349.778 0
-104.371 0
-558.52 0
-1012.67 0
1
1
3
0 458.32 0
0 -253.868 0
0 -966.058 0
0 -890
2
0 -820
7 2
11 2
17 2
18 2
19 2
1
-1
3
0 -367.391 0
0 304.532 0
0 976.457 0
0 -750
2
0 -680
0 1
1 1
3 2
13 2
14 1
0
0 -610
4 -1 3
5.37887 0
558.689 0
1112 0
1
1
3
0 88.915 0
0 -459.696 0
0 -1008.31 0
0 -540
2
0 -470
2 2
3 2
9 2
10 2
14 1
0
28
15
-378 -490
0
0 -400
4 -1 3
5.37887 0
558.689 0
1112 0
0
0 -330
4 -1 3
5.37887 0
558.689 0
1112 0
0
0 -260
7 1 2
1359.22 0
-8673.72 0
2
0 -190
1 2
3 1
8 1
14 1
19 1
1
-1
3
0 -248.046 0
0 371.029 0
0 990.106 0
0 -120
2
0 -50
0 1
3 2
5 1
8 2
10 2
0
0 20
1 1 3
644.932 0
39.9568 0
-565.019 0
1
-1
3
0 -333.294 0
0 323.529 0
0 980.356 0
0 90
2
0 160
5 2
9 1
10 2
15 2
19 1
0
0 230
0 -1 3
-644.932 0
-39.9568 0
565.019 0
2
0 300
11 2
14 2
15 1
17 1
19 1
2
0 370
5 1
6 1
14 2
16 2
17 1
2
0 440
6 1
7 1
8 2
10 2
13 1
2
0 510
1 1
4 2
8 2
12 2
19 1
2
0 580
2 1
5 1
8 1
12 1
16 1
2
0 650
6 2
12 2
13 1
14 1
17 1
2
0 720
0 1
10 2
12 2
14 2
15 1
2
0 790
3 2
4 2
9 2
11 2
18 1
